NN: digits_2l_10000ts.net Results: 6766 / 10000, 0.676600
Confusion matrix:
          0     1     2     3     4     5     6     7     8     9 
    0   959     0     0     0     0     1     8     7     4     1 
    1    74  1025     8     7     1     2     6     1     9     2 
    2   112    17   849     8     8     1     9    11    17     0 
    3    87    10    24   840     2     7    12     9    13     6 
    4    84     0     4     2   865     0    17     5     2     3 
    5   158    10     8    58    27   564    16    20    19    12 
    6   150     4    17    10    14    29   617   111     6     0 
    7   180    11   178    39    16     0   247   334     0    23 
    8   324     6    10    11    10    47    31    17   512     6 
    9   332     0   113     8    48     8   275    19     5   201 
NN: digits_3l_150hu_10000ts_002e.net Results: 8838 / 10000, 0.883800
Confusion matrix:
          0     1     2     3     4     5     6     7     8     9 
    0   919     0    11     4     3    11    26     1     4     1 
    1     0  1098     8     2     0     3     5     3    16     0 
    2     6    10   890    34     9     5    17    23    34     4 
    3     4     4    43   879     1    37     3    14    20     5 
    4     2     7     9     0   890     1    19     6     7    41 
    5    10     8    18    68    12   684    22    11    51     8 
    6    22     3    15     0     7    14   889     0     8     0 
    7     4    11    19     7     8     5     0   939     6    29 
    8    10    13    21    35     7    49    10    10   804    15 
    9     8    11     8    19    65    13     9    18    12   846 
NN: digits_3l_450h_2000ts.net Results: 7735 / 10000, 0.773500
Confusion matrix:
          0     1     2     3     4     5     6     7     8     9 
    0   879     2    33     0     2     4    46     4    10     0 
    1     0  1040    13    21     0     0     7     2    52     0 
    2    34    23   872    31     7     3    33    18    11     0 
    3    18     9    92   768     1    25    10    51    28     8 
    4    30     9    28     0   728     1    38     5    12   131 
    5   113    12    30    85    24   519    25    32    34    18 
    6    31    17    73     0     2     6   826     0     3     0 
    7     2    13    21     3     6     1     1   913    11    57 
    8    74    26    84    95    23    72    19    39   514    28 
    9    25    10     9    13   129     3     2   126    16   676 
NN: digits_3l_1000hu_001e_2000ts.net Results: 8768 / 10000, 0.876800
Confusion matrix:
          0     1     2     3     4     5     6     7     8     9 
    0   934     0     7     3     2     4    18     4     7     1 
    1     0  1095     6     2     0     4    10     1    17     0 
    2    18     4   904    19     8     4    34    11    25     5 
    3     2     0    31   826     0    93     6    20    25     7 
    4     3     0    16     5   879     2    14     8    10    45 
    5    14     3    17    42    16   725    16    12    32    15 
    6    12     2    23     3    13    33   864     6     2     0 
    7     0     6    26    11     5     4     2   921     5    48 
    8    19    10    28    20    28    60    14    16   748    31 
    9    10     4    11    24    40     7     0    31    10   872 
NN: digits_3l_150hu_2000ts.net Results: 6628 / 10000, 0.662800
Confusion matrix:
          0     1     2     3     4     5     6     7     8     9 
    0   689     0    67     1     8     0   190     6    19     0 
    1     0  1077    15     0     0     0     8     1    33     1 
    2    18    13   854     6     8     0    45    31    56     1 
    3    48     2   446   209    10     1    13    63   188    30 
    4    21     1    10     0   666     1    37    18     5   223 
    5   219     9    98    50    54    50    56    21   294    41 
    6    15     8    90     0    10     0   817    12     5     1 
    7     1     3    26     0    11     0     0   931    24    32 
    8    54    14    87    29    20    10    45    31   615    69 
    9    13     2     7     8   183     1     3    52    20   720 
NN: digits_3l_450hu_1000ts_49e.net Results: 5511 / 10000, 0.551100
Confusion matrix:
          0     1     2     3     4     5     6     7     8     9 
    0   907     5     3     0     2     2    50    11     0     0 
    1     0  1046    37    12     0     1    11    28     0     0 
    2    69    46   751     9     2     0   105    50     0     0 
    3   119    14   290   424     0     0    12   151     0     0 
    4    35    13    15     2   503     1    74   339     0     0 
    5   432    26    33    39    93   105    33   131     0     0 
    6    61    78    23     0     2     1   792     1     0     0 
    7     1    28    16     4     1     0     0   978     0     0 
    8   238    90   121    76    57    15    41   332     4     0 
    9    25    19     6     6    55     0     5   892     0     1 
NN: digits_3l_1000hu_2000ts.net Results: 7792 / 10000, 0.779200
Confusion matrix:
          0     1     2     3     4     5     6     7     8     9 
    0   889     0    10    11    11    29    22     3     3     2 
    1     0   945    25    39     0     7     9     0    99    11 
    2    22     0   786   105    12     1    66    14    23     3 
    3     8     0    45   862     5    17    12    24    12    25 
    4     2     1    14     5   794     9    23     2     7   125 
    5    35     0    21   143    49   551    28    13    13    39 
    6    28     3    28     1    24    12   859     0     2     1 
    7     2     1    20    19    16     0     3   893     6    68 
    8    36     2    38   105    76   124    21    22   467    83 
    9     8     0     3    22   143     5     7    74     1   746 
NN: digits_3l_300hu_1000tr_500e.net Results: 8435 / 10000, 0.843500
Confusion matrix:
          0     1     2     3     4     5     6     7     8     9 
    0   920     5     4     4     0     4    31     5     6     1 
    1     0  1083    12     3     1     0     8     5    22     1 
    2    15    48   852    21     6     1    28    15    43     3 
    3     3    11    32   821     3    64     9    21    39     7 
    4     2    13    14     6   747     1    41     9     8   141 
    5    12    26     7    39    27   673    22    11    46    29 
    6    12    71    21     2     4    21   822     1     4     0 
    7     2    27    23    10     7     0     5   905     6    43 
    8    16    18    11    13    21    41    19    16   780    39 
    9    11    20     6    17    37     6     4    71     5   832 
NN: digits_3l_80hu_1000tr.net Results: 6148 / 10000, 0.614800
Confusion matrix:
          0     1     2     3     4     5     6     7     8     9 
    0   852     0     1    71     2    34     3     3    14     0 
    1     9   971    86     2     7     0     3     1    54     2 
    2    69    11   563   117    25    25     6    14   199     3 
    3    18     6    50   672    11    97     3    34   114     5 
    4    35    11    66     9   651    23    12    12    78    85 
    5    85    12    26   150    51   423    12    34    95     4 
    6   144    15    72     8    71    25   599     0    24     0 
    7    62    44    20    49    34   141     1   593    30    54 
    8    35    20    36   161    46    88    18    44   504    22 
    9    65    10    51    38   184    55     0   137   149   320 
NN: digits_cascade_50n.net Results: 8504 / 10000, 0.850400
Confusion matrix:
          0     1     2     3     4     5     6     7     8     9 
    0   974     0     1     0     0     2     1     1     1     0 
    1    18  1093     5     0     0     3     4     0    12     0 
    2   125    20   847     8     6     1     4     7    12     2 
    3   101     2    27   848     1    15     2     3     9     2 
    4    78     1     3     6   864     1     4     3     5    17 
    5    95     2     2    53     7   704     9     3    14     3 
    6    72     3    11     7    13    19   831     0     2     0 
    7    58     8    25     9     7    11     1   898     2     9 
    8   193     5     7    14    11    31    14     6   692     1 
    9   136     8     3     8    44    10     1    29    17   753 
NN: digits_20000ep_60000ts_3l_150hu_.net Results: 8899 / 10000, 0.889900
Confusion matrix:
          0     1     2     3     4     5     6     7     8     9 
    0   947     0     2     5     2     6    12     2     4     0 
    1     2  1094    12     5     1     2     7     3     9     0 
    2    24     2   885    31     8     5    12     8    47    10 
    3     6     0    23   890     1    33     1    14    34     8 
    4     2     0    10     3   880     0    19     6    16    46 
    5    24     2     9    60    10   688    17     5    70     7 
    6    21     1    15     1     6    13   887     1    11     2 
    7     1     9    22     7    10     2     0   933     5    39 
    8    14     4    17    20    13    26     7    15   842    16 
    9    12     7     4    10    58    11     1    35    18   853 
NN: digits_50000ep_60000ts_3l_150hu_.net Results: 8895 / 10000, 0.889500
Confusion matrix:
          0     1     2     3     4     5     6     7     8     9 
    0   949     0     3     3     0     9     8     1     6     1 
    1     2  1088     6    12     0     3     3     2    19     0 
    2    14     2   884    32     8     3    17    15    51     6 
    3     6     3    16   903     0    37     2    14    22     7 
    4     0     3     4     3   878     2    10     4    16    62 
    5    25     2    16    55    23   696    22     6    43     4 
    6     9     3    11     7    14    16   885     1    11     1 
    7     2     8    19    20    11     3     0   919    15    31 
    8    12     8    10    28    17    36    11    15   820    17 
    9    10     6     1    19    37     8     1    37    17   873 
