    1   0.3141129315
    2   0.2258032858
    3   0.2009932697
    4   0.1761035621
    5   0.1488324404
    6   0.1268694997
    7   0.1079707444
    8   0.0959848911
    9   0.0908864886
   10   0.0918222442
   11   0.0910302252
   12   0.0921580940
   13   0.0932195261
   14   0.0932907388
   15   0.0926873907
   16   0.0917008221
   17   0.0915550888
   18   0.0920194462
   19   0.0923321992
   20   0.0920759887
   21   0.0918806121
   22   0.0915674865
   23   0.0917584449
   24   0.0915491730
   25   0.0916120037
   26   0.0913896486
   27   0.0916100591
   28   0.0916609690
   29   0.0916620120
   30   0.0917216614
   31   0.0914746374
   32   0.0915806815
   33   0.0915084407
   34   0.0915098861
   35   0.0916337073
   36   0.0916160569
   37   0.0916121230
   38   0.0914830789
   39   0.0916189253
   40   0.0916080475
   41   0.0915956944
   42   0.0916131735
   43   0.0916179940
   44   0.0916112140
   45   0.0916099250
   46   0.0916144699
   47   0.0916124731
   48   0.0916386098
   49   0.0918468460
   50   0.0922419578
   51   0.0926615074
   52   0.0933743119
   53   0.0944453999
   54   0.0951383561
   55   0.0959383249
   56   0.0965186208
   57   0.0972005725
   58   0.0977464914
   59   0.0983562097
   60   0.0989850000
